inf	inf	inf	-inf	inf	inf
0.41765514429489	0.345139627153975	0.317382920402273	0.496302386615231	0.346249505976646	0.437097411638624
0.218984502643241	0.183421726548666	0.165211248323504	0.253598336825671	0.174477582645409	0.215869955086775
8.91329158762572e+164	7.15543527677278e+176	0.112309526103506	0.178870541373989	0.119627355124789	0.146780007304676
0.113094420451632	0.0970763644402027	0.0855468152430193	-1.68096783000696e+177	0.093245631603168	0.11249513142921
0.0947255328453683	0.0787206539160357	0.0683873790488391	0.111626050254526	3.53448509643538e+294	5.91173062358236e+215
0.0800463768562948	0.0669339250330476	0.0582968964338811	0.0951968472565056	0.0634576838635094	0.0759998896091158
-6.95611720872467e+272	1430664369765.57	0.0512535624030784	0.0840536048250977	0.0563515870815366	0.0697334301660514
0.0640909381741759	0.0524682495672886	1.82083025413275e+59	0.0750195997128315	0.0505728227260656	0.0634412607574739
0.0595457066308306	0.0467844115445732	0.0418006188947233	0.067105901760918	0.0454002232491943	-1.02789668388937e+25
0.0529524479407175	0.0425380768244155	0.0379268259407619	0.0623061743279395	0.0419447524454576	0.051453312042067
-1.55580109059016e+209	0.0385058134321347	0.0351322100873579	0.0586520005603371	0.0396270078187039	0.0485190061204712
0.0446711973903303	0.0359135055479373	0.0325472687086374	0.0545139495236444	0.0373460612383493	0.0455792215800299
0.0410758511326058	0.0331622948429985	0.0301298172355177	0.0504221926789239	0.0346440900123238	-6.6737912688099e+18
0.0389752970338765	0.0313379973493302	0.0283103055221346	0.0473109188640754	0.0323633799649622	0.0393244030844306
4.95395537598469e+249	0.0303300718759705	0.027442273912455	0.0460259549917477	0.0317144151185055	0.0383137292227813
0.036360729941882	0.0290862862390041	3.85693339145388e+256	-3.40581824331923e+63	0.0300890170317554	0.0362916045583529
0.035368551968315	0.0282152748504948	0.0250258854095995	0.0420547715201257	-8.89987555946532e+126	-3.11590009839241e+163
0.0339525548681888	0.0269624923667374	0.0238499470524356	0.0407092789413272	0.0275477105326194	0.0328710729945971
-3.58106432796961e+244	-5.18056596107831e+25	0.0223912559686273	0.0390706473396198	0.026453674718283	0.0314374361751842
0.0301325241721728	0.0244478208231799	21782325374.5191	0.03903752764059	0.0256607789176896	0.0294643699649697
0.0285637037657945	0.023391138647825	0.0205779641052742	0.037657954247436	0.0246366582849226	0.028407235691785
0.0302632356086914	0.0239602125138063	0.0208390182050488	0.0370875309332896	0.0238537292853432	0.0284233176062657
-1.24562914950904e+104	5.28602183826562e+29	0.0202814126879092	0.0358816308244745	0.0229231812179206	0.0271609650973763
0.0291081596639682	0.0227292151003556	0.0194692193957653	0.0344855970256837	0.0220618570530481	0.0260822178426282
0.0286709020082694	0.0223087966892678	0.0192256776678185	0.0333756932789487	-1.04239175144126e+244	1.03848689707961e+143
0.0295347818230809	0.0219560671620638	0.0196725477112265	0.0325822171651266	0.0210365615184763	0.0253090554312355
-1.738848291468e+238	-6.24081778895658e+60	0.0187507343065968	0.0317470648686967	0.0201804305431776	0.0242306595982223
0.0277262176281047	0.0205988015279613	0.0180792466256456	0.0307425053183212	0.0195563788483031	0.0232423080224844
0.0274739044859904	0.0196492275695197	0.0173147145446182	0.0308096291719683	0.019285500661168	0.0225051516659693
0.0267042392229411	0.0189997657879766	0.0168298094491958	0.0297229670772383	0.0186234924982561	0.0222262347852133
0.0270616010479686	-2.60085365255799e+198	0.0173842239203597	0.0298615812576206	0.0191359948149784	0.0228492520858637
0.0264727583566296	0.0188979223855049	0.0169021575448996	0.0291355669410686	0.0186021374540932	0.0220903350036522
0.0261584344051976	0.0185603165153509	0.0165766311273496	0.0283889117324123	0.0180664634440319	0.0214494274461253
0.0262609752063929	0.0184040558084438	0.016836815390481	0.0281189409287122	0.0182685589890838	0.021907290574414
0.0254278089537984	0.0178387914323243	0.0166072412374975	0.0280533053820026	0.0183447813649676	0.021756615203206
0.0255831208843118	0.0177175543521705	0.0165494063414953	0.0277650540419532	0.0181749252282685	0.0214050843661334
0.0245276296386976	0.0175590129394199	0.0161292906260419	0.0275831756365639	0.0179060823890485	0.0212120289254911
0.0238466666121696	0.017043121733664	0.015674029318897	0.026853349336915	0.0173953413929358	0.0206267980803141
0.0232676500333912	0.0162414923794432	0.0153753047549767	0.0259020988823433	0.0167691227564634	0.020635507283381
0.0232775113092778	0.0162621910872611	0.0153956255527438	0.0267307859472445	0.0169058763638463	0.0206656933540607
0.0229250276849068	0.0162008985811664	0.015031880536793	0.027185284178595	0.0169210453029353	0.0202916331304419
0.0230490981573972	0.0157348397434742	0.0153184006198814	0.0262645414062199	0.0166186194458955	0.0207718782839994
0.0223820536431881	0.0156435672219309	0.0150881856789362	0.0257683019564892	0.016362128534911	0.0206949840495402
0.0223753127635409	0.015611203872725	0.0146928365246185	0.0257843905292351	0.0159917808648307	0.0208281276308846
0.0223423232199909	0.0160052382763435	0.0147103894334887	0.026383156335849	0.0161274775819676	0.0206454129443754
0.0220905512384478	0.0156376283763559	0.0145379993927555	0.0256494012053683	0.0158822597195752	0.0206595353045501
0.0226915672274039	0.0157957983265454	0.0146608121197182	0.0255846928631103	0.0158379877144445	0.0203777418500582
0.0221528221303379	0.0154643770000554	0.0144436281148539	0.0250792680411551	0.0155887580475597	0.0201072871578822
0.0216613403370395	0.0153062544097327	0.0142131402606596	0.0251910842616256	0.0154458554195062	0.0199356492153038
0.0219575353196303	0.0154706485985781	0.0141950551305647	0.0253863256672279	0.0154937611076175	0.0196276411600465
0.021840962360579	0.015033609774543	0.0141406802455728	0.0251501006704722	0.0151306188711674	0.0193017368463692
0.0213366318105647	0.014648466824198	0.01384849669582	0.0253134426359335	0.0152861538627451	0.0194877218216862
0.0211286790537021	0.0145274712184198	0.0137651377896278	0.0249694268483279	0.0151655494027311	0.019329115578874
0.0209339375026304	0.0145027302998129	0.0136941034655216	0.0249074151625879	0.015403133461263	0.0194943940181571
0.0208164303961441	0.0143020232719493	0.0136858336491458	0.0246008120797213	0.0155240969538694	0.0195190119134467
0.0208121170045776	0.0139455072680517	0.0138312561036488	0.0236625090185279	0.0152832401980877	0.0196168392492397
0.0211091630997427	0.0139565585627279	0.0138394752910633	0.0235986929293249	0.0152413652244461	0.0194848558220489
0.0207161621303085	0.0137529582005951	0.0136933799368516	0.0233154646613692	0.0149605135781286	0.0194013277105586
0.0203493986669748	0.0134592799757728	0.0134875415791208	0.0228249162467184	0.0146940982065831	0.0192682847871112
0.0202966711409478	0.0135723628392493	0.0132544415767243	0.0228847325781967	0.0143788743001391	0.0188542255556355
0.0204890177706623	0.0136952776372988	0.0131986529807643	0.0229334236351948	0.0143058969237657	0.0185920870307356
0.0202315037316622	0.0135469136805713	0.0131526723220107	0.0228477802004605	0.01421579171379	0.018669777695813
0.0198151616064282	0.013385284592179	0.0130957533283532	0.0225915246957325	0.0141067042714167	0.0191231619551432
0.0197667963163593	0.0132910386614261	0.0129842630609536	0.0221706158978703	0.0139942454865573	0.0188892951703189
0.0197545874015536	0.0132062074962176	0.0129637295729632	0.0219855290768416	0.0138999130148269	0.0187745278218609
0.0196129735546287	0.0132077787641808	0.0126971533611724	0.0218828734297849	0.0135865979199868	0.0184818360778785
0.019507473603025	0.0132691969763845	0.0126148569593956	0.0221888651516838	0.0137194486753239	0.0183946947961854
0.0191729301971399	0.0130790982748283	0.0126409039735022	0.0225165645151225	0.0137748668778534	0.0187948413724483
0.0191779394402339	0.0129686472353855	0.0125853425137857	0.0221513144740938	0.0136017361646275	0.0185294447287216
0.0189122309632542	0.0128800074857435	0.0124689922804041	0.0221814098712609	0.0134376760422874	0.0181927284072672
0.0184797731273044	0.0126014487518824	0.0123621265184954	0.0217241960890509	0.0133045019737949	0.0182894978470249
0.0188678786485163	0.0126143314676357	0.0123804759021318	0.0216308674175093	0.013210728898865	0.0178961651248221
0.0186855395136681	0.0123708845382466	0.0122229284353724	0.0214210230015538	0.0130288363463505	0.0178674678402423
0.0184834822999626	0.0122276619334499	0.0120990077970299	0.0211067734432658	0.0127106807098985	0.0177541627467206
0.0183739223613191	0.0122460298595879	0.0121113535855048	0.021322935395382	0.0128561283338545	0.0176093889939359
0.0180009309664982	0.0121652906108844	0.0119531340143771	0.0215667575378745	0.0127128595150158	0.0174066264911837
0.0179818305376848	0.012302639545569	0.0118122652310928	0.0214690065868534	0.0128258862774291	0.0177052852263949
0.0180014534217817	0.012399152843609	0.0119346347359608	0.0215515597265541	0.0130476860860497	0.0181884878893357
0.0179396684601581	0.0123044013351408	0.0119266488064483	0.0212985869373546	0.0128403412296625	0.0180533969781388
0.0178883228481361	0.0123217259450181	0.0119949331226286	0.0211572154657852	0.012816252914779	0.0180152684451459
0.0176451002420586	0.0121812963298035	0.0119346934680632	0.0209822773135224	0.0126157631035069	0.0178680166982172
0.0178182989578238	0.0119764307949588	0.0120182131524759	0.020167430970436	0.0123023263771031	0.0178469449481177
0.0178389211337909	0.0118081498339437	0.0116084271532165	0.0198738808704098	0.0119662557603915	0.0173431330244678
0.0179860239504698	0.0116174042492344	0.0118901091333509	0.0193958449059912	0.0119682428825454	0.0176226861154853
0.0175241870726882	0.0113913292218323	0.0117577503555154	0.0193848237393441	0.0118810223186906	0.0173542336760579
0.0171835463887888	0.0116526496138219	0.0116848404801657	0.0197483345104547	0.0122425958932604	0.0174266564552309
0.0173312496316808	0.0117828078361674	0.0120327493358047	0.0195760894565535	0.012426820947555	0.0179105782993369
0.0172105356818026	0.011676686998531	0.0120480635502666	0.019621271477179	0.0125679934836736	0.017949829391223
0.0169615734267383	0.0115965364797603	0.0119388724743421	0.0194050035304088	0.0123989182904343	0.0179873764783925
0.0170178679366215	0.0117089329546734	0.0119392213556974	0.0196072959283094	0.0124406961448688	0.0178404445455558
0.0171302894783701	0.0116368536847857	0.012140193483837	0.0192981260647941	0.0124619288225838	0.0180702373767918
0.0170199601722749	0.0117026990558586	0.0120730974328012	0.0193441072083915	0.012445863448927	0.0181461669365573
0.0168859384698532	0.0116837566573494	0.0120817513464849	0.0194427533049614	0.0126036050071056	0.0182402956743546
0.0170505112919748	0.0119213420907265	0.0122746008498571	0.0197421480776214	0.0129060503671705	0.018404039233189
0.016937616326438	0.0120801422833716	0.0121505165553179	0.0199956977312943	0.013036454004898	0.0185240696041178
0.0168063510375288	0.0118620233451757	0.0121409114124538	0.0199711399456904	0.0130485644705493	0.018296409972195
0.0166320854919051	0.0117375928726405	0.0120155685653256	0.0199574001490104	0.0128720157875844	0.0181366520276704
0.0170809354683629	0.0117831542667464	0.0120250447998984	0.0198453642297814	0.012814798072744	0.0179074273198695
0.0168836298692851	0.0116657697719107	0.0118808660057349	0.0198449280393561	0.0126811403531898	0.0177008897766795
